                 0 0.0204081632653061 0.0408163265306122 0.0612244897959184 
            167.60             179.45             183.10             184.88 
0.0816326530612245  0.102040816326531  0.122448979591837  0.142857142857143 
            185.80             186.05             185.95             185.84 
 0.163265306122449  0.183673469387755  0.204081632653061  0.224489795918367 
            185.00             184.43             184.63             183.00 
 0.244897959183673   0.26530612244898  0.285714285714286  0.306122448979592 
            184.31             183.46             183.39             182.80 
 0.326530612244898  0.346938775510204   0.36734693877551  0.387755102040816 
            181.33             181.68             181.02             180.63 
 0.408163265306122  0.428571428571429  0.448979591836735  0.469387755102041 
            178.84             178.56             178.25             177.22 
 0.489795918367347  0.510204081632653  0.530612244897959  0.551020408163265 
            176.39             175.92             175.91             173.98 
 0.571428571428571  0.591836734693878  0.612244897959184   0.63265306122449 
            173.69             172.31             172.13             171.55 
 0.653061224489796  0.673469387755102  0.693877551020408  0.714285714285714 
            170.99             169.91             169.84             169.17 
  0.73469387755102  0.755102040816326  0.775510204081633  0.795918367346939 
            167.99             167.11             166.85             166.03 
 0.816326530612245  0.836734693877551  0.857142857142857  0.877551020408163 
            165.71             164.80             163.46             163.22 
 0.897959183673469  0.918367346938775  0.938775510204082  0.959183673469388 
            162.01             161.28             161.28             159.70 
 0.979591836734694                  1 
            159.17             158.21 